55 AA 03 08 EF 4D B1 C2 00 80 00 00 80 00 00 80 00 00 80 00 00 80 00 00 80 00 00 80 00 00 80 00 33 C4 D1 33 
55 AA 03 08 EC 4D 6C C4 00 80 00 00 80 00 00 80 00 00 80 00 00 80 00 81 06 14 7E 06 33 7D 06 33 F6 C5 49 3C 
55 AA 03 08 EC 4D 2F C6 7A 06 35 7A 06 30 7B 06 35 7A 06 33 79 06 34 78 06 22 08 07 09 ED 06 09 BA C7 DB 39 
55 AA 03 08 EC 4D F2 C7 FB 06 07 00 80 00 FB 05 33 F7 05 67 F5 05 65 FB 05 34 F9 05 52 F9 05 56 7D C9 8B 41 
55 AA 03 08 EC 4D B5 C9 FB 05 41 FF 05 33 FE 05 38 FF 05 2D 06 06 26 D7 06 59 D8 06 5C 77 09 0E 53 CB 9E 5F 
55 AA 03 08 EA 4D 8C CB 23 09 0B 81 08 22 7D 08 19 85 08 2D 86 08 2C 8A 08 28 8E 08 20 A5 08 1E 1A CD F1 4A 
55 AA 03 08 EA 4D 53 CD B1 08 24 6C 07 33 68 07 3E 76 07 31 B0 07 1B 36 07 44 44 07 4C 32 07 1B E1 CE 4F 77 
55 AA 03 08 EA 4D 1A CF FD 06 32 84 07 26 3F 07 2A 0B 07 3D 00 80 00 00 80 00 00 80 00 B3 12 07 9E D0 BD 5C 
55 AA 03 08 E7 4D D6 D0 A6 12 06 E4 12 09 00 80 00 60 12 03 00 80 00 00 80 00 00 80 00 98 10 0D 61 D2 46 01 
55 AA 03 08 E7 4D 9A D2 BC 10 0D 00 80 00 00 80 00 00 80 00 C6 0F 09 C4 0F 07 CA 0F 0B 00 80 00 24 D4 D0 5B 
55 AA 03 08 E7 4D 5D D4 00 80 00 00 80 00 00 80 00 00 80 00 00 80 00 00 80 00 00 80 00 00 80 00 E8 D5 ED 49 
55 AA 03 08 E5 4D 30 D6 00 80 00 00 80 00 00 80 00 00 80 00 00 80 00 00 80 00 00 80 00 00 80 00 BE D7 37 2C 
55 AA 03 08 E5 4D F7 D7 00 80 00 00 80 00 00 80 00 00 80 00 00 80 00 00 80 00 00 80 00 00 80 00 85 D9 70 0E 
55 AA 03 08 E5 4D BE D9 00 80 00 00 80 00 00 80 00 00 80 00 00 80 00 00 80 00 00 80 00 00 80 00 4C DB A9 70 
55 AA 03 08 E5 4D 85 DB 00 80 00 00 80 00 00 80 00 00 80 00 00 80 00 00 80 00 00 80 00 00 80 00 20 DD EF 52 
55 AA 03 08 E4 4D 59 DD 00 80 00 00 80 00 00 80 00 00 80 00 00 80 00 00 80 00 00 80 00 00 80 00 E9 DE 2C 15 
55 AA 03 08 E4 4D 23 DF 00 80 00 00 80 00 00 80 00 00 80 00 00 80 00 00 80 00 00 80 00 00 80 00 B3 E0 69 57 
55 AA 03 08 E4 4D EC E0 00 80 00 00 80 00 00 80 00 00 80 00 00 80 00 00 80 00 00 80 00 00 80 00 82 E2 AA 79 
55 AA 03 08 E5 4D BB E2 00 80 00 00 80 00 00 80 00 00 80 00 00 80 00 00 80 00 00 80 00 00 80 00 4C E4 E8 1B 
55 AA 03 08 E5 4D 85 E4 00 80 00 00 80 00 00 80 00 00 80 00 00 80 00 00 80 00 00 80 00 00 80 00 16 E6 25 5E 
55 AA 03 08 E5 4D 4F E6 00 80 00 00 80 00 00 80 00 00 80 00 00 80 00 00 80 00 00 80 00 00 80 00 DF E7 60 20 
55 AA 03 08 E8 4D 24 E8 00 80 00 00 80 00 00 80 00 00 80 00 00 80 00 00 80 00 00 80 00 00 80 00 B7 E9 AF 02 
55 AA 03 08 E8 4D F0 E9 00 80 00 00 80 00 00 80 00 00 80 00 00 80 00 00 80 00 00 80 00 00 80 00 82 EB ED 04 
55 AA 03 08 E8 4D BC EB 00 80 00 00 80 00 00 80 00 00 80 00 00 80 00 00 80 00 00 80 00 58 00 C1 88 ED 6C 68 
55 AA 03 08 E8 4D 88 ED 00 80 00 00 80 00 00 80 00 00 80 00 00 80 00 00 80 00 00 80 00 00 80 00 37 EF 88 09 
55 AA 03 08 EC 4D 71 EF 00 80 00 00 80 00 00 80 00 00 80 00 00 80 00 00 80 00 00 80 00 00 80 00 09 F1 D6 2B 
55 AA 03 08 EC 4D 43 F1 00 80 00 00 80 00 00 80 00 00 80 00 00 80 00 00 80 00 00 80 00 00 80 00 DB F2 1D 6E 
55 AA 03 08 EC 4D 15 F3 00 80 00 00 80 00 00 80 00 00 80 00 00 80 00 00 80 00 00 80 00 00 80 00 A8 F4 5E 30 
55 AA 03 08 F3 4D E2 F4 00 80 00 00 80 00 00 80 00 00 80 00 00 80 00 00 80 00 00 80 00 00 80 00 78 F6 A5 12 
55 AA 03 08 F3 4D B2 F6 00 80 00 00 80 00 00 80 00 00 80 00 00 80 00 00 80 00 00 80 00 00 80 00 48 F8 E9 14 
55 AA 03 08 F3 4D 82 F8 00 80 00 00 80 00 00 80 00 00 80 00 00 80 00 00 80 00 00 80 00 00 80 00 24 A0 38 3D 
55 AA 03 08 F9 4D 5E A0 00 80 00 00 80 00 00 80 00 00 80 00 00 80 00 00 80 00 00 80 00 00 80 00 F6 A1 04 29 
55 AA 03 08 F9 4D 30 A2 00 80 00 00 80 00 00 80 00 00 80 00 00 80 00 00 80 00 00 80 00 00 80 00 C8 A3 4B 6B 
55 AA 03 08 F9 4D 02 A4 00 80 00 00 80 00 00 80 00 00 80 00 00 80 00 00 80 00 00 80 00 00 80 00 9A A5 91 2D 
55 AA 03 08 00 4E D4 A5 00 80 00 00 80 00 00 80 00 00 80 00 00 80 00 00 80 00 00 80 00 84 01 81 73 A7 EB 40 
55 AA 03 08 00 4E AD A7 00 80 00 00 80 00 00 80 00 00 80 00 00 80 00 00 80 00 00 80 00 00 80 00 46 A9 2C 52 
55 AA 03 08 00 4E 80 A9 00 80 00 00 80 00 00 80 00 00 80 00 00 80 00 00 80 00 00 80 00 00 80 00 18 AB 72 34 
55 AA 03 08 00 4E 53 AB 00 80 00 00 80 00 00 80 00 00 80 00 00 80 00 00 80 00 00 80 00 00 80 00 F1 AC C0 16 
55 AA 03 08 05 4E 2B AD 00 80 00 00 80 00 00 80 00 00 80 00 00 80 00 00 80 00 00 80 00 00 80 00 C4 AE 0C 59 
55 AA 03 08 05 4E FE AE 00 80 00 00 80 00 00 80 00 00 80 00 00 80 00 00 80 00 00 80 00 00 80 00 97 B0 53 3B 
55 AA 03 08 05 4E D1 B0 00 80 00 00 80 00 D0 03 37 00 80 00 72 06 23 72 06 49 00 80 00 67 06 58 68 B2 E2 26 
55 AA 03 08 09 4E A2 B2 65 06 57 67 06 57 64 06 54 65 06 3E 78 06 3F 78 06 56 7A 06 4A 7A 06 4E 39 B4 26 6E 
55 AA 03 08 09 4E 73 B4 E2 03 55 0B 06 19 09 06 16 08 06 06 00 80 00 00 80 00 00 80 00 00 80 00 0B B6 4A 1D 
55 AA 03 08 09 4E 45 B6 00 80 00 00 80 00 00 80 00 00 80 00 00 80 00 00 80 00 00 80 00 00 80 00 DC B7 6C 24 
55 AA 03 08 0B 4E 12 B8 00 80 00 00 80 00 00 80 00 00 80 00 00 80 00 00 80 00 00 80 00 00 80 00 A7 B9 AC 46 
55 AA 03 08 0B 4E E1 B9 00 80 00 00 80 00 61 00 AC 00 80 00 00 80 00 00 80 00 00 80 00 00 80 00 77 BB F2 14 
55 AA 03 08 0B 4E B1 BB 00 80 00 00 80 00 00 80 00 00 80 00 00 80 00 00 80 00 00 80 00 00 80 00 46 BD 32 2B 
55 AA 03 08 0B 4E 80 BD C0
